# Created by Octave 3.8.2, Wed May 20 19:59:54 2015 PDT <charlie@yukawa>
# name: outString
# type: sq_string
# elements: 1
# length: 114
Slope	Lambda	Gravity	Lambda	MagneticField	Lambda	MagneticField^2	Lambda	AttractorTemp	Lambda	AttractorTempGradient


# name: op
# type: matrix
# rows: 1
# columns: 31
 -6.609895857050123 14.04188131458989 -0.1365677908377267 353.3328568191147 21.84876970247053 2.10893245469873 -0.3436124027869091 18490.7754981115 773675.725679485 444.4078142987721 219.6532052031473 3161.089699512722 1336 127772 1 -4.559909167687739 -1.656085076450124 -2.249293374713285 0.5851567973080716 -5.461919916074009 -0.6912868993786958 -5.089185076875089 -1.9186641633937 -9.894055674636165 -0.09797496751832566 6.774273781582156 2 588.9561610221863 2325 1 -1.412548670212549e-05


# name: injParameters
# type: matrix
# rows: 1
# columns: 11
 2 10 0.2 1 1 0 0 0 0 0 0


