# Created by Octave 3.8.2, Wed May 20 19:59:54 2015 PDT <charlie@yukawa>
# name: outString
# type: sq_string
# elements: 1
# length: 114
Slope	Lambda	Gravity	Lambda	MagneticField	Lambda	MagneticField^2	Lambda	AttractorTemp	Lambda	AttractorTempGradient


# name: om
# type: matrix
# rows: 1
# columns: 31
 -9.695723665207634 0.1055921930833997 -15116294.14938618 1.616191988304353 0.21824121674362 0.168227739193324 -474037.017838116 1130.60593711674 3589.731470822392 1005.184955033562 2474.858588527728 2934.509107404335 1219 191656 1 3.051316264099851 -0.6137229317192627 3.834485459650463 0.5512311412563689 8.14116644143488 -1.474105974690914 -7.788008280999666 -0.3976605420277446 0.8130312069144763 -0.9007456823199673 -6.381836369256482 3 845.5890781879425 2325 -1 3.066462391783313e-06


# name: injParameters
# type: matrix
# rows: 1
# columns: 11
 2 10 0.2 1 1 0 0 0 0 0 0


