# Created by Octave 3.6.4, Mon Aug 26 13:34:52 2013 PDT <charlie@yukawa>
# name: bLPositions
# type: matrix
# rows: 179
# columns: 2
 -0.01774675967271635 -0.01774621068345214
 -0.0178078221778044 -0.01781419448725534
 -0.01784224949097262 -0.01784133283001188
 -0.01790828101957122 -0.01791476714572825
 -0.01791623702971494 -0.01791684557740351
 -0.01791124011063527 -0.01790981529123555
 -0.01788794841488005 -0.01788608684398771
 -0.01780635458630442 -0.01780191924834113
 -0.01770346167873368 -0.01769485863211934
 -0.01761295563845103 -0.01760797689081289
 -0.01751191863325291 -0.01750750498546126
 -0.01742070459002496 -0.01742158256847339
 -0.01735862541745345 -0.01735334383750742
 -0.0172758886131006 -0.01727692914142262
 -0.01719015084286193 -0.01718348107470435
 -0.01710641604179996 -0.01710552532548092
 -0.01703133555181505 -0.01702806715338225
 -0.016938421769944 -0.01693285269685542
 -0.01688472317747067 -0.01688349632300873
 -0.01681521359297085 -0.01681204568750978
 -0.01674784208615744 -0.01674706238576475
 -0.01667730956966318 -0.0166732544982282
 -0.0166193296680673 -0.01662304351822181
 -0.01658703530733435 -0.01658809883191427
 -0.0166138760921305 -0.01661704924875115
 -0.01662907138861518 -0.01663692389169764
 -0.01669878574196924 -0.01670406143423854
 -0.01678964975211934 -0.01680366320861494
 -0.01690739880681583 -0.01691846756855968
 -0.01736816212905213 -0.01736878169261665
 -0.01733342660154197 -0.0173313237711419
 -0.01730544663073225 -0.01729970130666133
 -0.0169841505079384 -0.01695405992383799
 -0.01722344340955803 -0.0172271847921918
 -0.01722980803137657 -0.01722755514293941
 -0.01711456929108589 -0.01711262941229479
 -0.01699570436928198 -0.01698565836877521
 -0.01680324572461417 -0.01679450496822415
 -0.0166521862803994 -0.01664443116556093
 -0.01649760728005162 -0.01648607928770231
 -0.01635272720612504 -0.01634290670923463
 -0.01622155087096664 -0.0162170309583377
 -0.01610079819428218 -0.01609147651177097
 -0.01594321997980599 -0.01593374079488059
 -0.01584886482125376 -0.01584371653262598
 -0.01579112646056101 -0.0157896474544593
 -0.01574030023543727 -0.01573289687670664
 -0.01564350852972228 -0.01564292482998943
 -0.01560833324345871 -0.01560669787424807
 -0.01555423331044548 -0.01554983149635308
 -0.01556536507819238 -0.01557350659767317
 -0.01565999490759763 -0.01566156026445745
 -0.01577187389328468 -0.01577469788316803
 -0.01590032281249194 -0.01590921339427527
 -0.01605579288718482 -0.01606837248714786
 -0.01636361869096453 -0.01637640596090282
 -0.01667323791974426 -0.01668664635930491
 -0.01699287380362221 -0.01701021047191001
 -0.01744823133718243 -0.01744770190432339
 -0.01751582430043113 -0.01751890445670077
 -0.01758445775961584 -0.01758963896080789
 -0.01767877772331935 -0.01768869221827795
 -0.017704414854089 -0.01770852631023642
 -0.01778120080422314 -0.01778198153439181
 -0.01775282221433546 -0.0177493108882124
 -0.01770578939155315 -0.01769706149898916
 -0.01765387119186691 -0.01765292558029325
 -0.01753679129189419 -0.01752860155721973
 -0.01737835605961662 -0.01736995559403361
 -0.01717411066091087 -0.01716514752938373
 -0.01700891987564331 -0.01699597054811659
 -0.01683276485625943 -0.01682614605753697
 -0.01669783844045845 -0.01669102278832828
 -0.01655874082294035 -0.01655312720673702
 -0.01639014295996166 -0.01638292066002928
 -0.0162908341054486 -0.01628871106996555
 -0.01620126159458886 -0.01619657749039814
 -0.01613552200511773 -0.01613112450623853
 -0.016063066454851 -0.01606103012546668
 -0.01603318126655674 -0.01603037230796889
 -0.01600154249977406 -0.01600184749377309
 -0.01598379589729706 -0.01598413100786496
 -0.01594463161101571 -0.01594138845860551
 -0.01593757019487232 -0.0159397712570252
 -0.01602595256900406 -0.01603515987056549
 -0.01613316724071188 -0.0161283859320892
 -0.01615808116124522 -0.01617401308243856
 -0.01623772744667921 -0.01623150734598275
 -0.01628976267980158 -0.01630049195197646
 -0.01642825369879309 -0.01643750490038271
 -0.01654516112729622 -0.0165495059202979
 -0.01670699319386794 -0.01672170109131196
 -0.01761360318804791 -0.0176116402303928
 -0.01772294340245093 -0.01772966933760326
 -0.01775755484834374 -0.01775306645647156
 -0.01775240209996033 -0.01775190260242466
 -0.01775601343717189 -0.01775365750873222
 -0.0176863303005646 -0.01768193890664239
 -0.01756510896151185 -0.01755918233458812
 -0.01743619482645992 -0.01742738015843391
 -0.01730970403894996 -0.01730755692077673
 -0.0172030365457048 -0.0171954014705842
 -0.01706815641723981 -0.01705673635136466
 -0.01693606020372289 -0.01693214980748065
 -0.01681854142596009 -0.01681139722477347
 -0.0167041618134054 -0.01669723735923741
 -0.01661423085788147 -0.01661075069412679
 -0.01653971957800671 -0.01653661373040439
 -0.0164974230386343 -0.01648762055628189
 -0.01642582285532761 -0.01642569685375161
 -0.016316360516406 -0.01631139381514973
 -0.01625558897071524 -0.01625553126841493
 -0.01633785316887548 -0.01634902818471167
 -0.01655969265013338 -0.01657715352648996
 -0.01688482786291064 -0.01689926732390674
 -0.01719227643688351 -0.01721138480086215
 -0.0175888410338779 -0.01761566733613877
 -0.01791037413671276 -0.01792866103136113
 -0.01926911327729071 -0.01926023779141038
 -0.01914552133707854 -0.01913944119772674
 -0.01900669035319842 -0.01900009425350949
 -0.01804424322537762 -0.01804292062221993
 -0.01790844056533672 -0.01790260661997965
 -0.0178321952115728 -0.0178294806301881
 -0.01777439841101009 -0.01776835528202515
 -0.01771692364883086 -0.01771637928682106
 -0.0177393996572552 -0.01774794731723172
 -0.01798696480934297 -0.01799904035620151
 -0.01835760970738123 -0.0183896429566128
 -0.01880684835023091 -0.01883458941312391
 -0.01935395654237457 -0.01938493621434929
 -0.02268477377118891 -0.02267843692910996
 -0.02256486909035573 -0.02255992039219724
 -0.02242773684241154 -0.02242078779979716
 -0.02228469613919405 -0.02227594564812105
 -0.02210686272677505 -0.0220972520472952
 -0.02189482863337298 -0.02188745706609539
 -0.02170071336315064 -0.02169076685986695
 -0.02144656613630135 -0.02143563898165114
 -0.02126930549843953 -0.0212590524704443
 -0.02112767203229824 -0.02112633064037432
 -0.02101348931772869 -0.02100944175570783
 -0.02089223509230876 -0.02088492167269629
 -0.02077624851947133 -0.02077669977400999
 -0.02086137485609152 -0.02087188780191776
 -0.0211336399701675 -0.02114952084608799
 -0.02151188031065112 -0.02153262485254182
 -0.02202862204795157 -0.02206148904878757
 -0.02267892983516585 -0.02271295204818052
 -0.02334425871732256 -0.02337652471402465
 -0.02334199895243695 -0.0233280251324281
 -0.02317393148821957 -0.02316301988739849
 -0.02299713711507094 -0.02298912050372463
 -0.02284360835920282 -0.02283278614965063
 -0.0226592813497903 -0.02264913371621539
 -0.02241194742713244 -0.02239688391070682
 -0.02212753369773421 -0.02211270066585017
 -0.02185355163374883 -0.02183982352218575
 -0.02160199862529463 -0.02159139284017557
 -0.02138534964640994 -0.02137657455537295
 -0.02123161226444946 -0.02122604562803765
 -0.02113373954350997 -0.02112871504558587
 -0.02103927875633823 -0.02103568601996632
 -0.02099024877066788 -0.02099411439232396
 -0.02091194489598499 -0.02091472555221101
 -0.02090121879619615 -0.02091803664826674
 -0.0208698245176767 -0.02085822725279339
 -0.02078863420453231 -0.02077797077171526
 -0.0207941182581943 -0.02079440721321166
 -0.02084491996571012 -0.02085206706768447
 -0.02106972929774112 -0.02106785591671799
 -0.02115285201382049 -0.02115860597770896
 -0.02123296925098824 -0.02124034184451788
 -0.02137041390987842 -0.02138857650828304
 -0.02147644440078788 -0.02147037969539388
 -0.02153988026499963 -0.02154479584117745
 -0.02154964656517938 -0.02154960899527668
 -0.02156407638890922 -0.02156110916934337
 -0.02154647240655348 -0.02154253019407559


