# Created by Octave 3.6.4, Mon Aug 26 13:34:52 2013 PDT <charlie@yukawa>
# name: bRPositions
# type: matrix
# rows: 113
# columns: 2
 -0.01594031009813737 -0.01595012553880133
 -0.01609421867034305 -0.0161038159558376
 -0.01628790931602991 -0.01629451674953437
 -0.01645110100949215 -0.01645298067252365
 -0.01654414253451508 -0.01654956458461307
 -0.01664555637615157 -0.01664839269321057
 -0.01670415950798722 -0.01670431112222831
 -0.01673207788442779 -0.01673358910597805
 -0.01677069839926402 -0.01677069139316483
 -0.01679711010248659 -0.0167976695995385
 -0.01681553985289392 -0.01681299697796893
 -0.01680585528162114 -0.01680560838314705
 -0.0167987562421661 -0.01679541478550555
 -0.0167654134336426 -0.0167631514199923
 -0.01668503664176011 -0.0166796691871614
 -0.01664574460157763 -0.01664588540744941
 -0.01660695152080276 -0.01660501324727144
 -0.01658482431371253 -0.01658305826541146
 -0.01654421005273281 -0.01654645741371208
 -0.01652355838317384 -0.01652549465275155
 -0.01649867704989198 -0.01649494550966803
 -0.01644988850178978 -0.01644505261953863
 -0.01647880318383163 -0.01647600138319003
 -0.01652815381290605 -0.01653800530376068
 -0.01685488776340557 -0.01686005433872479
 -0.01696151210502932 -0.01695812525006352
 -0.01699930756897754 -0.01700934241988142
 -0.01714063611974134 -0.01716528904596134
 -0.01717766927308549 -0.01716742315937066
 -0.01739406043280677 -0.01739674981916064
 -0.01744011523886252 -0.01743851356595476
 -0.01739643904568145 -0.0173945852186828
 -0.01734213531594222 -0.01733997543326068
 -0.01726805139551822 -0.01726593723844937
 -0.017190959464357 -0.01718561396548749
 -0.01710403904750369 -0.01709959057876203
 -0.01702292303856359 -0.0170175638091728
 -0.01695252731216297 -0.01695038032674714
 -0.01688775572736114 -0.01688524278131808
 -0.01680437323184046 -0.01680159472511508
 -0.01668437699206451 -0.01667706489539569
 -0.01660192008533946 -0.0166006524396617
 -0.01652992778975786 -0.01652489472316097
 -0.01647048587433717 -0.01646787406379616
 -0.0163875001847533 -0.01638493149807814
 -0.01629828146833505 -0.0162898633308174
 -0.01618548839050545 -0.01618226696304355
 -0.01613718058478453 -0.01613504599752287
 -0.01610748419534937 -0.0161078895380307
 -0.01610912516212792 -0.01610730077896863
 -0.01612938579053101 -0.01613393466938609
 -0.0161734298654287 -0.01617694547080045
 -0.01630509202755799 -0.01632147821144081
 -0.01656678854710702 -0.01658089764024463
 -0.01678287627816952 -0.01679432404138998
 -0.01699790140585877 -0.0170125829667346
 -0.01716765364306998 -0.01717570515143209
 -0.01722194576532848 -0.0172265639700278
 -0.0173105284618288 -0.01731553842067117
 -0.01730993922758455 -0.0173060913203364
 -0.01730462883457506 -0.01729914929484051
 -0.01729477978441878 -0.01728235289719232
 -0.01719265630663192 -0.01719013248692448
 -0.01711723545255209 -0.01711442748731185
 -0.01703846711452394 -0.01703380012125158
 -0.016940553261434 -0.01693577132338149
 -0.01685315037040754 -0.01684906509205984
 -0.0167847387905638 -0.01678087493570309
 -0.01671999112141008 -0.01672096868597582
 -0.0166893085858192 -0.01668569870386832
 -0.01664767690350273 -0.01664140540800687
 -0.01661125718038311 -0.01661172599837775
 -0.01657879132951915 -0.01657321091689314
 -0.01651014809694685 -0.01650242010323393
 -0.01646219000056165 -0.01645795525623687
 -0.01641338986815208 -0.01640960156415276
 -0.01632839710577405 -0.01632205378377607
 -0.01622941204990466 -0.01622389580156753
 -0.01613986815169054 -0.01613602195122665
 -0.01604490265457604 -0.01604010661818124
 -0.01599621834724986 -0.01599503096374955
 -0.01598747887102618 -0.01599646789649053
 -0.01601040298049438 -0.01601320075922492
 -0.01644523406683926 -0.01646141907462373
 -0.01684920320256612 -0.01687155373229416
 -0.01719265525727935 -0.01720675549305623
 -0.01737525433812325 -0.01738235645518979
 -0.01750123605976326 -0.01751025277861978
 -0.01746898169681949 -0.01746051830249206
 -0.01762768933948595 -0.0176377731519639
 -0.0175749975323063 -0.0175753795663466
 -0.01749158207147489 -0.01748490439205608
 -0.01738620192350531 -0.01738650866939074
 -0.01731302912095911 -0.01730465525607675
 -0.01714954129783037 -0.01714348994100043
 -0.01706161486687187 -0.0170572144639892
 -0.01700722437991134 -0.01700210545079724
 -0.01692929910570534 -0.01692716184711612
 -0.01685895003525547 -0.01685743872566218
 -0.01678675968710396 -0.01678119196033504
 -0.01669090888824254 -0.01668784369600361
 -0.01658379556833613 -0.01657868394147412
 -0.01649812714373641 -0.01649485733635923
 -0.01641282341741469 -0.01640863570293283
 -0.01634168078817325 -0.01633877369780986
 -0.01627689910329223 -0.01627663672793661
 -0.0162246452203448 -0.0162217669872882
 -0.01615000027727109 -0.01614587084783523
 -0.01607260891411736 -0.01607013177084294
 -0.01605895866553522 -0.01606583560424054
 -0.01604563576831985 -0.01604643531614888
 -0.01603394858629483 -0.01603306414606825
 -0.01599357454375813 -0.0159882907918908


