# Created by Octave 3.6.4, Mon Aug 26 13:34:52 2013 PDT <charlie@yukawa>
# name: b0Positions
# type: matrix
# rows: 316
# columns: 2
 -0.01363095476552722 -0.01363114418939277
 -0.01359666426956067 -0.01359526237387871
 -0.0135597117484617 -0.01355867599613719
 -0.0135396611222626 -0.01353900114018184
 -0.01351001402209243 -0.0135183249967453
 -0.01348844396241673 -0.01348859929771878
 -0.01345637437667698 -0.0134557647532302
 -0.01344478868491302 -0.01344535163388095
 -0.0134395086537682 -0.0134382471386344
 -0.01344759754207886 -0.01344705132353739
 -0.01342599755438897 -0.01342452576205381
 -0.01340371353266592 -0.01340157359123387
 -0.01338030949438496 -0.01337996091011538
 -0.01336213562029594 -0.01336177846263184
 -0.0133324493160948 -0.0133330277029713
 -0.01331769687108627 -0.01331721635318505
 -0.01332455927140664 -0.01332762888948861
 -0.01336492981328336 -0.01336653796827351
 -0.01340692670574994 -0.01340990892826506
 -0.01342234279622171 -0.0134203853085765
 -0.01339302467562999 -0.01339087468296431
 -0.01338937526148544 -0.013391095148402
 -0.01337862502846966 -0.01337688284172737
 -0.01331744265076391 -0.01331505092374427
 -0.01327344065370178 -0.01327141320593397
 -0.01322255711641464 -0.01322001453724368
 -0.01316956659287671 -0.01316888114382903
 -0.01311977352342764 -0.01312043193236168
 -0.01306131797945334 -0.01305451333052592
 -0.01298506879538534 -0.0129787489851639
 -0.01291880486836059 -0.01291393662302896
 -0.01243931179045988 -0.01243534470732593
 -0.01241992208654461 -0.01241422920371106
 -0.01240406654593555 -0.01240415624141113
 -0.01239196033325952 -0.01239403965862066
 -0.01238175081123811 -0.01238306146469534
 -0.01236611650857536 -0.01236572559109312
 -0.01234979150661942 -0.01234803928464109
 -0.01233140898439054 -0.01233353454703595
 -0.01232471983136411 -0.01232492556693134
 -0.012310438166191 -0.01231012142627975
 -0.01233057422987568 -0.01233467454947489
 -0.01242307460147439 -0.0124291090047259
 -0.01253815753456385 -0.01254339586625091
 -0.01264285615599392 -0.01264867163899681
 -0.01271152168619941 -0.01271733031218469
 -0.01278225438532249 -0.01278449957401705
 -0.01280623407283551 -0.01280662847298718
 -0.01284008212827997 -0.0128381613466229
 -0.0128716528004467 -0.01287472115691971
 -0.01290080600694955 -0.01290067581976046
 -0.01292993163972191 -0.01293171217136358
 -0.01293534896774555 -0.0129371723090891
 -0.01295853025096076 -0.01295999768892176
 -0.01296355266166021 -0.01296352030777354
 -0.01295706004149669 -0.01295787388422995
 -0.0129612846439519 -0.0129605113656067
 -0.01296381321934584 -0.01296235558128415
 -0.01295188394239746 -0.01295145275901091
 -0.01294747474608236 -0.01294676743434536
 -0.01293476993166717 -0.01293454035126291
 -0.01292392466068513 -0.01292395082844855
 -0.01291622481696136 -0.01291582989573493
 -0.01291698166228245 -0.01291771611757906
 -0.01291543178436275 -0.01291622524049462
 -0.01290223245319339 -0.01290140407632001
 -0.0128782777142678 -0.01287869059987733
 -0.01285800229852048 -0.01285723213760687
 -0.01283782992658522 -0.01283790244599534
 -0.01282456167649487 -0.01282740321917877
 -0.01282406291517025 -0.0128230014483995
 -0.01281030027231105 -0.01280951306913181
 -0.01278252496481071 -0.01278151161669142
 -0.01277802652144845 -0.01277722608003619
 -0.0127526802283229 -0.01275032986927293
 -0.01274430250362255 -0.01274360168801768
 -0.01274273822554322 -0.01274353020494931
 -0.0127744236713157 -0.01277756608316327
 -0.01278685450559438 -0.01278796546264039
 -0.01279409659136951 -0.01279422637645539
 -0.01281336819504569 -0.01281496233651738
 -0.01283752105009177 -0.01284026513826568
 -0.01291183309985794 -0.01291521999323478
 -0.01298242582040436 -0.01298603194258025
 -0.01305352146081618 -0.01305625687544852
 -0.01312001708247017 -0.01312231627192247
 -0.01317089333571912 -0.01317399228878005
 -0.01320187881576285 -0.01320370212314325
 -0.01322617110213833 -0.01322662501202519
 -0.01324721926969652 -0.01324888864705228
 -0.01326782515827273 -0.01326812656399607
 -0.01327701020573758 -0.01327716724320814
 -0.01328337101886647 -0.01328425239717612
 -0.01327656966329975 -0.01327567075994049
 -0.01327167442003924 -0.01327341089775809
 -0.01328808933134052 -0.01329006434416381
 -0.01330225290235665 -0.01330327095383214
 -0.01332433347878812 -0.01331484984932585
 -0.01330899032876826 -0.01330741789111344
 -0.01328647535640565 -0.0132852812316162
 -0.01327161860338184 -0.01327356186777711
 -0.01325487904985701 -0.01325265266793581
 -0.01322131958866209 -0.0132234214157631
 -0.01319373323046227 -0.01319582698356127
 -0.0131825571347713 -0.01318214137083126
 -0.01317369646745496 -0.01317657355362145
 -0.01316050511660808 -0.0131571748074409
 -0.01314241084767221 -0.01314503589970675
 -0.01314952443879761 -0.01314784595659968
 -0.01314321464904775 -0.01314550400989967
 -0.01315532370380618 -0.01315008602302103
 -0.01318260870484439 -0.01318131659344484
 -0.01321832082072806 -0.01321617729779477
 -0.01322638508603496 -0.01322816022546895
 -0.01326255996457441 -0.01326646039838543
 -0.01328056092598586 -0.01328045521665228
 -0.01328037827465699 -0.01328428523880059
 -0.01332400888742209 -0.01332927327047434
 -0.01332836614166004 -0.01332992696804942
 -0.01333190811087795 -0.01333308370919428
 -0.01331294471200738 -0.0133190607932064
 -0.0132817544527514 -0.01328108116788151
 -0.01322950239772418 -0.01322735567818548
 -0.01318533381273988 -0.01317905520947347
 -0.01311928068477656 -0.01311910985019962
 -0.01305656961622575 -0.01305468120500158
 -0.01297523239607314 -0.01297285850525689
 -0.01291022330753548 -0.01290998983849872
 -0.01286489756504638 -0.01286296493989854
 -0.01283000599686229 -0.01282788902743822
 -0.01279784554738893 -0.01279775778029468
 -0.01275152996469883 -0.01274995378310379
 -0.01271730788775275 -0.01271404259616188
 -0.01268827630653143 -0.01268550824111868
 -0.01266038662263975 -0.01265793753120106
 -0.01263814104432417 -0.01263536633281347
 -0.0126049661928159 -0.01260280103402037
 -0.01257609466030416 -0.01257501720580643
 -0.01254634437349881 -0.0125458602192097
 -0.01250930842885057 -0.01250440478869164
 -0.01247089920545689 -0.01246935534057909
 -0.01245853341525895 -0.01245620118232644
 -0.01247256987081424 -0.01247301786976197
 -0.0125052201433155 -0.01250106366851811
 -0.01253227193960799 -0.01253283537455302
 -0.01258728603085486 -0.01258659085828029
 -0.01262657420514845 -0.01262853635644911
 -0.01267511998161943 -0.01267498160710808
 -0.0127346659331068 -0.01274372609942833
 -0.01277158157395812 -0.01277456149354065
 -0.01278267975897349 -0.01278256581916055
 -0.01277379006652713 -0.01277323302826767
 -0.01294614246342043 -0.01294348516433849
 -0.01288159964954263 -0.01296318746001172
 -0.01291240086666313 -0.01290951551925169
 -0.01286464997665361 -0.01286293920549191
 -0.01280684947111673 -0.01280355743301953
 -0.01274758125632144 -0.01274519467499161
 -0.01269438214931493 -0.01269743538359291
 -0.01266629205580367 -0.01266608239742399
 -0.0126334027305546 -0.01262980547631794
 -0.01258591529398925 -0.01258458859259725
 -0.01254990106417455 -0.01254961169156223
 -0.01252086231700855 -0.01251872311329189
 -0.01249158744724556 -0.01249210751997406
 -0.01246544597486464 -0.01246520438077007
 -0.0124434203701043 -0.01244224932419882
 -0.01241508969639536 -0.01241401900081794
 -0.01238712664517095 -0.01238621659257274
 -0.01236277724441562 -0.01236098732715141
 -0.01232427217827231 -0.01232528488067652
 -0.01228485357385586 -0.01228411635763656
 -0.0122550323498711 -0.01225198742110085
 -0.01224293301772588 -0.01224663069116563
 -0.01224829236827116 -0.01224426940073498
 -0.01260766361184999 -0.01260691098959582
 -0.01257522168524835 -0.01257349802867479
 -0.01254027928862425 -0.01253934768105725
 -0.01252877372162175 -0.01252907945349587
 -0.01252091204776715 -0.01251907121610937
 -0.01250165283619719 -0.01250099375696339
 -0.0124818252455677 -0.01248199809078625
 -0.01248182321995809 -0.01248094872060953
