# Created by Octave 3.6.4, Sun Mar 22 22:30:08 2015 PDT <charlie@yukawa>
# name: cI
# type: matrix
# rows: 319
# columns: 6
 0.03692661863489954 0.001776180066860182 0.03423769494375598 0.03913590698810043 -1.545709058563888e+20 4.388714489581618e+20
 0.03725643681299631 0.001698855662324733 0.03481486226860082 0.03918496761520759 -8.893642201546619e+19 3.743548879227653e+20
 0.03757813593625218 0.001659925656481941 0.03485227551693924 0.0396403491174389 -2.25227659601043e+19 2.768787032749488e+20
 0.0379046249454419 0.00156435760255684 0.03524166507979203 0.0397496106547851 -6.100683988060683e+19 2.225833409117068e+20
 0.03821419721667189 0.001455408583805864 0.03526657739363852 0.0398852491482419 -8.592942228848075e+19 1.888689292842281e+20
 0.03852418420529422 0.001265548729637858 0.03540077828751559 0.03991638222297328 -4.795561337832894e+19 1.339741539330001e+20
 0.03883707412694578 0.0009878962090210306 0.0372257966446647 0.04009412711228898 -1.266973231530233e+19 1.851584635243382e+19
 0.03907858943327027 0.001008461512321079 0.03735874799697623 0.04084852623953221 -8.958140413515486e+18 1.415159161204643e+19
 0.03931332264950941 0.0009891461231802555 0.03742228458539565 0.04087974624056333 -5.657677903458766e+18 8.398939185600016e+18
 0.03955479307619023 0.0009351669353495746 0.03803533282707588 0.04104434098560771 -4.036779380325942e+18 6.420480627635256e+18
 0.03977476519240037 0.0009402802721925451 0.03805410939105668 0.04133491457022802 -2.389352293543901e+18 2.878484124204019e+18
 0.04005074755232681 0.001004510315369916 0.03877308452815311 0.0421938447899534 -1.799076748591391e+18 2.210285227299704e+18
 0.04028681094982704 0.001094816821124554 0.0389878946032818 0.04231403549065654 -1.652863355980287e+18 2.241390554167603e+18
 0.04053118962961857 0.001189216655927265 0.03909226846854644 0.04265357480015473 -1.289787488047856e+18 1.98977967288075e+18
 0.04078922369849956 0.001271745680277542 0.03913590698810043 0.04296277950176129 -8.343117636957654e+17 1.210554038124938e+18
 0.04108280274610723 0.001367504575810233 0.03918496761520759 0.04353959270221544 -7.202569178747747e+17 1.205829513474502e+18
 0.04139455577641582 0.001435299297208195 0.0396403491174389 0.04386126306983644 -5.545207737710767e+17 1.104961885980095e+18
 0.04174934974666714 0.001616969355199104 0.0397496106547851 0.04496225867120858 -3.110019081889081e+17 6.930775512309111e+17
 0.04211552546972976 0.001748353509849408 0.0398852491482419 0.04524224650072443 -2.093557735209586e+17 6.044353872961784e+17
 0.04251156221436071 0.001875284556816986 0.03991638222297328 0.04582580031770627 -1.673929538025563e+17 5.94047576861806e+17
 0.04293716526588912 0.001966453764798656 0.04009412711228898 0.0463004279958995 -1.72158197615009e+17 5.923133768082843e+17
 0.04335128038178278 0.001978996726837416 0.04084852623953221 0.0463058538506939 -2.713567164881098e+17 3.82749621967397e+17
 0.04377130248191681 0.002076080263818901 0.04087974624056333 0.04714885774154248 -2.115803275574426e+17 3.453243936968538e+17
 0.04420319844458113 0.002105234147319185 0.04104434098560771 0.04735818568052835 -1.52075372011845e+17 2.915128203898461e+17
 0.04466790563344616 0.002127371287148791 0.04133491457022802 0.04801494881858305 -7.673442645340624e+16 1.093362869396427e+17
 0.04513644184888661 0.00211477132551901 0.0421938447899534 0.04836295780183479 -6.427658121592358e+16 1.064338946599841e+17
 0.04555426289255494 0.002110989418551317 0.04231403549065654 0.0484611604449784 -4.059732828346274e+16 7.047444152893943e+16
 0.04597914381124563 0.002052812385465735 0.04265357480015473 0.04868724927101678 -2.817004819846409e+16 5.808162688049103e+16
 0.046413443302325 0.001987049569027218 0.04296277950176129 0.04916806716634552 -2.055585401115353e+16 5.291565538805446e+16
 0.04683697972730729 0.001872796252548266 0.04353959270221544 0.0493158258764955 -7165217295675241 1.763468424239931e+16
 0.04727558638367023 0.001814905784779301 0.04386126306983644 0.05011869254765947 -9304336323828542 1.42396934559837e+16
 0.04770581156894111 0.001709557269491058 0.04496225867120858 0.05031464084889955 -5957734598741142 8610412842512830
 0.04811514769827794 0.001740523712597777 0.04524224650072443 0.05110230061126104 -4217397111106728 6809543264115527
 0.04856767418184243 0.00182078963775964 0.04582580031770627 0.05203014375419183 -2504275917772305 3300005087718312
 0.0490012349862561 0.001894079525060591 0.0463004279958995 0.05232921238391115 -1710166769738874 2003068841005072
 0.04940743351307851 0.001926562963091515 0.0463058538506939 0.05239340589823566 -1452035770873285 1930630674367052
 0.04983066297148532 0.001893569911312327 0.04714885774154248 0.05265429572679615 -1161575941713251 1765622870002264
 0.05024264960208977 0.001940110227079644 0.04735818568052835 0.0533286572006092 -774213128805803.1 1208290623493360
 0.05064924459416967 0.001931491328658116 0.04801494881858305 0.05345711056172681 -496775500016643.7 721489274804043.1
 0.05105448657850671 0.001976465621601886 0.04836295780183479 0.0540935785836387 -388618274815415.2 651014971258145.4
 0.0514417173992048 0.001980468213367575 0.0484611604449784 0.05417142011230622 -358002139430463.2 654641059546153.6
 0.05182658845470554 0.001919896964417407 0.04868724927101678 0.05423422627748945 -348188600871358.1 658041321093451.1
 0.05222010653784077 0.001833465103252829 0.04916806716634552 0.0545900205180453 -280937283335850.8 637282499401855.5
 0.0526187213603997 0.00177144753425943 0.0493158258764955 0.05514728950472944 -123043095092603.3 251110185635311.4
 0.05306681281105814 0.001725800877902501 0.05011869254765947 0.05603719763637203 -112864249266575.2 251907464734049.6
 0.05365642472846076 0.002113813427794796 0.05031464084889955 0.05896287130869886 -68313935380512.29 199971518485092.2
 0.05426131355644893 0.002371703315938348 0.05110230061126104 0.0593879732687221 -37283663649872.44 166843721618970.8
 0.05487492628493731 0.002668154498673392 0.05203014375419183 0.06030649153858662 -71992421205751.84 67496363349096.71
 0.05546360328340198 0.002954421197218615 0.05232921238391115 0.06086029873116201 -60350711747896.88 62922649790941.48
 0.05608777106791106 0.0032218210103517 0.05239340589823566 0.06169172915154732 -47620585123050.41 52597925651690.7
 0.05672553963831055 0.003381193431597162 0.05265429572679615 0.06195993445422806 -36883569235658.18 43634330834163.11
 0.05734653336648701 0.003435019572097431 0.0533286572006092 0.06196920164944296 -29768805761570.44 39685242992325.37
 0.05797497480498514 0.003508949281770033 0.05345711056172681 0.06275527877808119 -25839851772143.55 39452555027612.75
 0.05863597983113188 0.003530914764773854 0.0540935785836387 0.06337218595392777 -16865808209998.24 25842066391085.29
 0.05926295719382694 0.003501577942579433 0.05417142011230622 0.06349823902406469 -13579234485146.23 24586362751362.58
 0.05992995326585952 0.003414247520468915 0.05423422627748945 0.06417636119279489 -8829201417889.576 18791628245870.76
 0.06069126058028164 0.003325517156204182 0.0545900205180453 0.06565383599382132 -4358072448295.99 9661553071634.061
 0.06143291969962821 0.003100552063718369 0.05514728950472944 0.06571490730824379 -4596723376246.463 9503585456227.523
 0.06215421800719124 0.002775279302993786 0.05603719763637203 0.06596676411817484 -2498263674857.861 5851224151692.68
 0.06296681066650953 0.002637308039369091 0.05896287130869886 0.0682260875261466 -954081801643.2604 1190786206144.798
 0.0636385849076249 0.002821500924429877 0.0593879732687221 0.06903948492542929 -806320006075.8317 1148869095269.643
 0.06436192865164408 0.003036563383363939 0.06030649153858662 0.07023812942900995 -620314358523.807 1017311291205.375
 0.06506525343443449 0.00324478884691701 0.06086029873116201 0.07085636328044254 -492388430399.237 959201173784.4785
 0.06578801956660565 0.003442665962705275 0.06169172915154732 0.07170179071372947 -309985060828.6188 727287821271.702
