# Created by Octave 3.6.2, Thu Jan 31 14:20:23 2013 PST <charlie@yukawa>
# name: outMatrix
# type: matrix
# rows: 30
# columns: 13
 0 1 0 0 0.001000001 0 0 -2.206899047170471e-12 -5.854530850406909e-15 1.578314139958382e-13 -5.093546066700571e-18 1.795027284228828e-15 2.758236209518167e-17
 0 1 0 0 0.001000001743328822 0 0 -2.206899042034238e-12 -5.854530450461841e-15 1.578314027561001e-13 -5.093545516072312e-18 1.795027200681358e-15 2.758237490023384e-17
 0 1 0 0 0.001000003039195382 0 0 -2.206899033080086e-12 -5.854529753226126e-15 1.578313831615428e-13 -5.093544556146394e-18 1.795027055030628e-15 2.758239722364563e-17
 0 1 0 0 0.001000005298316906 0 0 -2.20689901747004e-12 -5.854528537714976e-15 1.57831349001791e-13 -5.093542882679755e-18 1.795026801113499e-15 2.758243614069185e-17
 0 1 0 0 0.001000009236708572 0 0 -2.206898990256551e-12 -5.854526418679292e-15 1.578312894501245e-13 -5.093539965278292e-18 1.795026358452403e-15 2.758250398585876e-17
 0 1 0 0 0.001000016102620276 0 0 -2.206898942814323e-12 -5.85452272450325e-15 1.578311856320312e-13 -5.093534879291111e-18 1.795025586748351e-15 2.758262226221201e-17
 0 1 0 0 0.001000028072162039 0 0 -2.206898860106389e-12 -5.854516284339383e-15 1.578310046430873e-13 -5.093526012752314e-18 1.795024241413927e-15 2.758282845651071e-17
 0 1 0 0 0.001000048939009185 0 0 -2.206898715917639e-12 -5.854505057015197e-15 1.578306891202426e-13 -5.093510555486917e-18 1.795021896052004e-15 2.758318792015024e-17
 0 1 0 0 0.001000085316785242 0 0 -2.20689846454435e-12 -5.854485484094693e-15 1.5783013906138e-13 -5.093483608473423e-18 1.79501780731002e-15 2.758381458094036e-17
 0 1 0 0 0.001000148735210729 0 0 -2.206898026303174e-12 -5.854451362050074e-15 1.578291801315802e-13 -5.093436631219938e-18 1.795010679273234e-15 2.7584907049093e-17
 0 1 0 0 0.001000259294379741 0 0 -2.20689726225951e-12 -5.854391876081532e-15 1.578275084127716e-13 -5.093354735186201e-18 1.794998252715528e-15 2.758681155699934e-17
 0 1 0 0 0.001000452035365636 0 0 -2.206895930142822e-12 -5.854288172402987e-15 1.578245940910789e-13 -5.093211965797113e-18 1.794976589000379e-15 2.759013166966712e-17
 0 1 0 0 0.001000788046281567 0 0 -2.20689360740796e-12 -5.854107382563332e-15 1.578195135730684e-13 -5.092963078881039e-18 1.7949388215991e-15 2.759591950244423e-17
 0 1 0 0 0.001001373823795883 0 0 -2.206889556848735e-12 -5.853792205734117e-15 1.578106568726059e-13 -5.09252920864886e-18 1.794872979317042e-15 2.760600894372498e-17
 0 1 0 0 0.001002395026619988 0 0 -2.206882491536827e-12 -5.853242746791734e-15 1.577952176827473e-13 -5.091772895519315e-18 1.794758190671893e-15 2.762359616870734e-17
 0 1 0 0 0.00100417531893656 0 0 -2.206870162659796e-12 -5.852284852866044e-15 1.577683049893722e-13 -5.090454591692719e-18 1.794558064484246e-15 2.765425044105717e-17
 0 1 0 0 0.001007278953843983 0 0 -2.206848633777379e-12 -5.85061490981244e-15 1.577213961026925e-13 -5.088156958539322e-18 1.794209142819707e-15 2.770767255178608e-17
 0 1 0 0 0.001012689610031679 0 0 -2.206810993720832e-12 -5.847703593524553e-15 1.576396451958245e-13 -5.084153264695312e-18 1.793600748755719e-15 2.780074905417541e-17
 0 1 0 0 0.001022122162910705 0 0 -2.206745046330442e-12 -5.842628046799826e-15 1.574972076564109e-13 -5.077179095167875e-18 1.792539788448505e-15 2.796284248286549e-17
 0 1 0 0 0.001038566204211635 0 0 -2.20662908160884e-12 -5.833779231738115e-15 1.572491389093956e-13 -5.065037823552656e-18 1.790689192458609e-15 2.824490982385088e-17
 0 1 0 0 0.001067233575364993 0 0 -2.20642389468795e-12 -5.818351592251745e-15 1.568174234500651e-13 -5.043923384400272e-18 1.78746001750582e-15 2.873508348753495e-17
 0 1 0 0 0.001117210229753348 0 0 -2.206057038114559e-12 -5.791453293541651e-15 1.560670811491244e-13 -5.007272019887133e-18 1.781821671476951e-15 2.958488009443887e-17
 0 1 0 0 0.001204335971785694 0 0 -2.205389878494136e-12 -5.744556932943615e-15 1.547659183594321e-13 -4.94386021930965e-18 1.771966478457528e-15 3.105201826087219e-17
 0 1 0 0 0.001356224789026244 0 0 -2.204143924588164e-12 -5.662814900970737e-15 1.525186335775113e-13 -4.834797871919482e-18 1.75471347360631e-15 3.356647701097241e-17
 0 1 0 0 0.001621016941891562 0 0 -2.201725356368379e-12 -5.520481498451262e-15 1.486649046362471e-13 -4.64924865523033e-18 1.724447140041134e-15 3.782034583721799e-17
 0 1 0 0 0.002082636733874054 0 0 -2.196788174307415e-12 -5.273491941692175e-15 1.421407729889069e-13 -4.3399437261408e-18 1.671263813175766e-15 4.485188215302314e-17
 0 1 0 0 0.0028873918221351 0 0 -2.186135321506088e-12 -4.849279854782685e-15 1.313520731551024e-13 -3.844130999512496e-18 1.578017703275613e-15 5.599549374087289e-17
 0 1 0 0 0.004290344562312671 0 0 -2.162070374356569e-12 -4.140912107329614e-15 1.142720214359438e-13 -3.107283460795215e-18 1.417144359199339e-15 7.232576990262329e-17
 0 1 0 0 0.006736152510448681 0 0 -2.106832825980347e-12 -3.037946684757065e-15 8.934837499169746e-14 -2.157005852947936e-18 1.154071228875193e-15 9.288105676010385e-17
 0 1 0 0 0.011 0 0 -1.984555012948877e-12 -1.568853339801389e-15 5.803990208896573e-14 -1.192210503898982e-18 7.782485665041965e-16 1.114097430235048e-16


