%CODATA
G = 6.67428e-11;

%CODATA 2002
m_p = 1.67262171e-27;

%CODATA 2002
k_B = 1.3806505e-23;

OnePascalInTorr = 133.3224;

mu_0 = 4 *pi * 1e-7;
